D(T) = 0.263210 * T + -0.052647
R_squared = 0.796293
Num_points = 51
