-3.033897225919007790e-01
2.063632231999141253e-01
-6.987682707080201949e-02
2.122575606876763721e-01
3.708841461219437863e-02
1.792922467110539542e-01
-4.405286353098026297e-01
2.042744490986277972e-01
-7.786393381769177169e-02
1.193852335835801526e+00
9.134675952680902933e-01
-5.095753160177406427e-01
5.504552842837840965e-01
5.001207069611353084e-01
-6.426855536569723304e-01
1.594094035013575716e-01
4.200855948402107409e-01
6.298673630720310612e-01
5.575798455887381877e-01
8.450305044033992186e-01
